# exposures that do not have firstcut catalog yet as of 12/28/2012, 531 in total.
# J. Hao

159057
159065
159160
159172
159176
159202
159511
159907
160138
160139
160146
160148
160150
160152
160154
160156
160158
160161
160163
160165
160167
160169
160171
160173
160175
160177
160179
160181
160183
160185
160187
160189
160191
160193
160195
160197
160199
160202
160204
160206
160208
160210
160212
160214
160221
160222
160224
160226
160228
160230
160232
160234
160236
160509
160515
160522
160539
160541
160542
160543
160544
160545
160546
160547
160548
160549
160550
160551
160552
160555
160556
160560
160561
160562
160566
160567
160568
160572
160573
160574
160578
160579
160580
160584
160585
160586
160587
160588
160589
160590
160591
160592
160593
160594
160595
160596
160597
160598
160599
160600
160601
160602
160603
160604
160605
160606
160607
160608
160610
160616
160629
160633
160634
160635
160639
160640
160641
160645
160646
160647
160651
160652
160653
160657
160658
160659
160660
160661
160662
160663
160664
160665
160676
160748
160755
160771
160772
160773
160774
160775
160776
160777
160778
160779
160780
160781
160782
160783
160784
160785
160786
160800
160801
160802
160803
160804
160805
160806
160807
160808
160809
160812
160813
160814
160815
160816
160817
160818
160819
160820
160821
160822
160823
160824
160825
160826
160827
160828
160829
160830
160831
160832
160833
160834
160835
160836
160853
160854
160855
160856
160857
160858
160859
160860
160861
160862
160863
160866
160867
160868
160869
160870
160871
160872
160873
160874
160875
160876
160877
160878
160879
160881
160891
160892
160893
160894
160895
160896
160897
160898
160899
160900
161004
161005
161006
161007
161008
161009
161010
161012
161013
161014
161015
161017
161018
161019
161020
161021
161022
161023
161024
161025
161026
161027
161028
161029
161030
161031
161032
161033
161034
161035
161036
161037
161038
161039
161040
161041
161042
161043
161044
161045
161046
161047
161048
161049
161050
161051
161052
161053
161054
161055
161056
161057
161058
161059
161060
161061
161062
161063
161064
161065
161066
161067
161068
161069
161070
161071
161072
161073
161074
161075
161076
161077
161078
161079
161080
161081
161082
161083
161084
161085
161086
161087
161088
161089
161090
161091
161092
161093
161094
161095
161096
161097
161098
161099
161100
161101
161102
161103
161104
161105
161106
161107
161108
161109
161110
161111
161117
161118
161119
161120
161121
161127
161128
161129
161130
161131
161137
161138
161139
161140
161141
161147
161148
161149
161150
161151
161237
161239
161240
161241
161242
161243
161244
161245
161246
161247
161248
161249
161250
161251
161252
161253
161254
161255
161256
161257
161258
161279
161280
161281
161282
161283
161284
161285
161286
161287
161288
161289
161290
161291
161292
161293
161294
161295
161296
161297
161298
161299
161300
161301
161302
161303
161304
161305
161306
161307
161308
161309
161310
161311
161312
161313
161314
161315
161316
161317
161318
161319
161320
161321
161322
161323
161324
161325
161326
161327
161328
161329
161330
161331
161332
161333
161334
161335
161339
161340
161341
161347
161348
161349
161350
161351
161357
161358
161359
161360
161361
161367
161368
161369
161370
161371
161377
161378
161379
161380
161381
162106
162107
162108
162253
162306
163540
163580
163588
163715
163716
163717
163718
163719
163723
163724
163725
163726
163727
163730
163731
163732
163733
163734
163737
163738
163739
163740
163741
163742
163743
163744
163747
163748
163749
163755
163768
163769
163770
163771
163772
163777
163779
163780
163781
163786
163787
163788
163789
163790
163791
163792
163793
163794
163795
163796
163797
163798
163799
163800
163801
163802
163803
163811
163812
163813
163814
163815
163816
163817
163818
163819
163820
163821
163822
163823
163824
163825
163826
163827
163828
163829
163830
